Piece Value GA Results21 26 2 10 14 5 1 29 18 9 25 31 28 30 27 3 20 11 4 0 13 19 7 8 17 15 6 16 12 23 24 22 ==================================================
Generation 0 Results
==================================================
   150    450    130    418    117
   313    192    380    156    532
   383    401    307    207    378
   428    308    156    353    352
   441    242     97    244    320
   237    400     64    325    505
   541     69    152    368    370
   411    319    532    487    485
   293    468    323     58     60
   526    208    442    316    524
   233    245    344    112    398
   522    345     91    418    503
   298    271     52    208    373
   158    302    344    344    112
   414    133    342    104    333
   378    106     87    190    456
   116    231    357     91    486
   131    311     99    291    540
   480    274    474    165    495
   414    315    276    200    413
   141    428    329    428    483
   283    530    495    267    373
   443    118    430    406    176
   156    162    445    277     81
   140    404    442    440     93
    73    173    374    135    420
   535    261    403    166    403
   319    440    345    423    137
   111    109    466    289    364
   135    511    471    406     88
   192    437    447    312    149
   423    194     78     63    225
==================================================
2020-07-30 09:11:35.010
The Next Generation:
==================================================
   427    319    532    487    485
   428    308    155    367    352
   192    437    425    312    148
   441    240     97    244    308
   233    245    357    112    398
   233    245    344    112    401
   237    400     64    325    525
   313    192    380    156    532
   414    315    278    200    417
   233    245    344    117    398
   411    319    532    501    485
   237    400     64    325    505
   316    192    380    156    532
   441    240     97    244    304
   411    319    532    487    485
   158    299    344    344    112
   144    450    130    418    117
   141    407    329    428    483
   441    242     97    244    329
   441    242     97    244    320
   150    450    130    418    117
   454    242     97    244    320
   233    245    344    115    398
   441    242     97    242    329
   156    162    445    277     85
   424    230     97    244    320
   383    401    322    207    378
   111    109    453    275    364
   150    454    130    418    117
   140    404    442    440     93
   151    450    130    418    117
   155    302    344    344    112
Current Champion (0):
   150    450    130    418    117
Longest Game: 259
==================================================
21 29 5 10 26 9 14 25 11 8 13 12 27 4 15 24 28 18 17 31 7 30 20 19 16 2 3 1 0 6 23 22 ==================================================
Generation 1 Results
==================================================
   192    437    425    312    148
   237    400     64    325    525
   141    407    329    428    483
   233    245    357    112    398
   316    192    380    156    532
   158    299    344    344    112
   144    450    130    418    117
   454    242     97    244    320
   140    404    442    440     93
   428    308    155    367    352
   237    400     64    325    505
   441    242     97    244    320
   151    450    130    418    117
   233    245    344    112    401
   414    315    278    200    417
   233    245    344    117    398
   411    319    532    501    485
   156    162    445    277     85
   313    192    380    156    532
   411    319    532    487    485
   150    450    130    418    117
   233    245    344    115    398
   155    302    344    344    112
   427    319    532    487    485
   441    242     97    242    329
   111    109    453    275    364
   150    454    130    418    117
   441    240     97    244    308
   441    242     97    244    329
   424    230     97    244    320
   383    401    322    207    378
   441    240     97    244    304
==================================================
2020-07-30 09:12:10.450
The Next Generation:
==================================================
   156    162    445    277     85
   233    241    374    112    413
   151    472    130    418    117
   140    404    442    440     93
   192    420    425    312    148
   428    311    155    367    345
   144    450    130    418    117
   151    450    127    410    117
   441    249     97    244    301
   140    404    442    440     93
   233    245    344    118    398
   424    230     97    244    320
   233    245    344    112    401
   454    240     97    244    314
   192    420    425    312    148
   230    396     64    325    530
   454    242     97    244    320
   233    245    344    122    398
   233    245    357    116    398
   144    450    130    418    117
   441    242     97    242    329
   237    396     64    312    505
   237    400     64    325    505
   155    287    344    344    112
   233    245    340    113    398
   154    302    344    338    112
   144    441    130    418    117
   233    245    357    112    398
   150    454    130    418    117
   192    437    425    312    143
   233    245    344    113    401
   445    242     97    244    311
Current Champion (1):
   192    437    425    312    148
Longest Game: 259
==================================================
21 29 10 5 7 2 6 22 23 18 4 17 26 28 31 19 16 11 9 20 1 14 13 12 15 3 8 0 27 30 25 24 ==================================================
Generation 2 Results
==================================================
   233    245    340    113    398
   156    162    445    277     85
   428    311    155    367    345
   233    245    344    122    398
   154    302    344    338    112
   192    437    425    312    143
   151    472    130    418    117
   144    450    130    418    117
   192    420    425    312    148
   144    441    130    418    117
   151    450    127    410    117
   140    404    442    440     93
   454    240     97    244    314
   230    396     64    325    530
   233    245    357    112    398
   445    242     97    244    311
   140    404    442    440     93
   441    249     97    244    301
   233    245    344    118    398
   237    396     64    312    505
   155    287    344    344    112
   233    245    344    112    401
   454    242     97    244    320
   237    400     64    325    505
   150    454    130    418    117
   233    245    344    113    401
   233    241    374    112    413
   144    450    130    418    117
   424    230     97    244    320
   192    420    425    312    148
   233    245    357    116    398
   441    242     97    242    329
==================================================
2020-07-30 09:12:50.622
The Next Generation:
==================================================
   394    311    155    367    351
   436    233     97    244    320
   428    311    155    367    355
   144    450    130    418    117
   140    404    442    440     93
   151    472    130    438    117
   154    302    344    332    112
   233    245    344    122    398
   192    420    437    297    148
   144    450    130    418    116
   428    311    155    367    345
   144    450    124    418    117
   140    404    442    440     93
   233    245    357    112    398
   233    245    341    118    398
   445    233     99    251    311
   150    454    130    418    114
   151    449    130    418    117
   233    245    357    115    398
   158    302    344    338    112
   407    311    154    370    345
   197    420    425    284    148
   233    245    340    110    395
   144    450    130    438    117
   233    247    350    122    398
   151    437    127    410    117
   428    299    155    367    345
   428    311    152    367    345
   233    245    344    121    398
   154    302    344    341    112
   445    242     97    244    311
   230    396     64    325    515
Current Champion (2):
   233    245    340    113    398
Longest Game: 259
==================================================
21 10 29 18 5 26 14 23 25 2 20 7 6 27 4 24 9 22 28 19 17 15 11 13 16 3 31 30 1 12 0 8 ==================================================
Generation 3 Results
==================================================
   140    404    442    440     93
   140    404    442    440     93
   144    450    130    418    117
   233    245    341    118    398
   428    311    155    367    345
   144    450    130    438    117
   144    450    130    418    116
   150    454    130    418    114
   428    299    155    367    345
   407    311    154    370    345
   428    311    155    367    355
   192    420    437    297    148
   233    245    340    110    395
   428    311    152    367    345
   394    311    155    367    351
   154    302    344    332    112
   151    449    130    418    117
   233    247    350    122    398
   151    437    127    410    117
   230    396     64    325    515
   436    233     97    244    320
   151    472    130    438    117
   233    245    344    122    398
   158    302    344    338    112
   233    245    344    121    398
   144    450    124    418    117
   197    420    425    284    148
   154    302    344    341    112
   445    242     97    244    311
   445    233     99    251    311
   233    245    357    115    398
   233    245    357    112    398
==================================================
2020-07-30 09:13:28.144
The Next Generation:
==================================================
   144    450    130    418    117
   144    450    130    418    116
   151    454    130    418    114
   140    450    130    438    117
   449    299    155    370    332
   153    472    130    418    114
   197    420    425    284    148
   150    454    130    418    114
   233    245    344    121    398
   140    404    442    432     93
   411    311    154    381    345
   192    420    433    297    150
   202    420    425    284    148
   140    404    442    440     93
   140    404    425    440     93
   394    311    155    367    351
   144    450    130    402    116
   144    450    130    459    118
   150    454    130    418    114
   428    311    152    367    345
   140    404    434    436     93
   144    450    130    418    113
   140    404    442    440     93
   428    299    158    367    345
   233    245    344    121    398
   233    201    344    121    398
   242    245    341    118    398
   235    245    341    118    398
   233    245    341    118    398
   140    384    442    440     93
   144    450    130    414    117
   137    468    132    418    117
Current Champion (3):
   140    404    442    440     93
Longest Game: 262
==================================================
21 10 26 23 29 18 31 22 28 5 27 30 14 20 2 17 1 16 11 25 0 19 3 13 24 9 8 12 15 7 6 4 ==================================================
Generation 4 Results
==================================================
   140    404    425    440     93
   197    420    425    284    148
   235    245    341    118    398
   144    450    130    418    117
   144    450    130    459    118
   140    404    434    436     93
   150    454    130    418    114
   233    245    344    121    398
   411    311    154    381    345
   140    404    442    440     93
   428    311    152    367    345
   428    299    158    367    345
   144    450    130    414    117
   140    450    130    438    117
   150    454    130    418    114
   140    404    442    432     93
   144    450    130    402    116
   140    404    442    440     93
   233    201    344    121    398
   144    450    130    418    116
   151    454    130    418    114
   153    472    130    418    114
   233    245    341    118    398
   140    384    442    440     93
   449    299    155    370    332
   233    245    344    121    398
   192    420    433    297    150
   242    245    341    118    398
   202    420    425    284    148
   394    311    155    367    351
   144    450    130    418    113
   137    468    132    418    117
==================================================
2020-07-30 09:14:06.731
The Next Generation:
==================================================
   144    450    130    434    118
   140    400    425    440     95
   140    404    434    436     93
   144    383    130    402    113
   154    454    128    418    114
   140    404    434    444     93
   136    404    425    440     93
   144    450    130    434    117
   231    245    344    121    398
   144    450    135    418    116
   133    384    442    427     93
   237    249    344    122    398
   449    299    155    370    332
   235    245    341    118    398
   144    450    129    463    118
   137    468    132    438    122
   140    384    446    440     90
   150    454    130    410    113
   428    317    159    367    345
   140    404    425    440     93
   192    420    425    284    148
   140    404    434    436     95
   197    412    408    284    148
   144    450    130    418    116
   144    450    130    459    119
   233    193    344    119    395
   151    432    135    418    114
   150    454    130    418    114
   145    404    450    453     93
   420    311    152    370    345
   233    252    327    123    398
   411    311    158    381    345
Current Champion (4):
   140    404    425    440     93
Longest Game: 262
==================================================
21 10 5 7 4 26 2 29 14 13 6 1 11 0 15 9 31 27 20 12 28 3 25 24 8 30 18 23 17 22 16 19 ==================================================
Generation 5 Results
==================================================
   136    404    425    440     93
   154    454    128    418    114
   233    252    327    123    398
   231    245    344    121    398
   144    450    130    459    119
   137    468    132    438    122
   449    299    155    370    332
   144    450    129    463    118
   140    400    425    440     95
   144    450    130    434    117
   428    317    159    367    345
   140    404    425    440     93
   140    404    434    444     93
   144    450    130    418    116
   144    450    130    434    118
   140    384    446    440     90
   192    420    425    284    148
   140    404    434    436     95
   140    404    434    436     93
   150    454    130    410    113
   411    311    158    381    345
   144    450    135    418    116
   133    384    442    427     93
   150    454    130    418    114
   420    311    152    370    345
   197    412    408    284    148
   233    193    344    119    395
   151    432    135    418    114
   145    404    450    453     93
   237    249    344    122    398
   235    245    341    118    398
   144    383    130    402    113
==================================================
2020-07-30 09:14:50.562
The Next Generation:
==================================================
   147    424    446    453     93
   140    400    413    440     95
   427    311    158    381    345
   233    254    327    123    398
   136    404    425    427     93
   231    249    344    121    398
   148    450    129    486    118
   140    392    425    457     93
   140    400    425    440     95
   144    384    446    440     90
   137    468    134    434    122
   137    491    130    455    122
   144    450    130    418    116
   137    491    133    438    122
   140    400    425    453     95
   233    252    327    123    398
   197    420    442    284    148
   144    446    130    434    119
   144    450    130    459    123
   132    392    425    440     93
   150    454    130    410    113
   140    404    434    436     95
   192    420    425    284    148
   428    317    156    367    335
   140    384    425    440     93
   145    384    434    444     93
   449    317    155    367    345
   149    454    130    459    119
   144    454    135    418    116
   416    311    152    370    345
   141    384    446    440     90
   235    245    341    118    398
Current Champion (5):
   136    404    425    440     93
Longest Game: 262
==================================================
21 10 29 5 18 14 2 17 13 23 9 19 16 12 8 28 3 1 4 7 15 31 11 22 20 26 6 0 30 25 24 27 ==================================================
Generation 6 Results
==================================================
   140    404    434    436     95
   140    400    425    453     95
   150    454    130    410    113
   141    384    446    440     90
   137    468    134    434    122
   137    491    133    438    122
   145    384    434    444     93
   148    450    129    486    118
   140    400    425    440     95
   144    384    446    440     90
   197    420    442    284    148
   137    491    130    455    122
   233    252    327    123    398
   428    317    156    367    335
   144    450    130    459    123
   132    392    425    440     93
   192    420    425    284    148
   144    454    135    418    116
   136    404    425    427     93
   140    392    425    457     93
   149    454    130    459    119
   147    424    446    453     93
   140    400    413    440     95
   427    311    158    381    345
   144    446    130    434    119
   140    384    425    440     93
   416    311    152    370    345
   235    245    341    118    398
   233    254    327    123    398
   144    450    130    418    116
   449    317    155    367    345
   231    249    344    121    398
==================================================
2020-07-30 09:15:32.479
The Next Generation:
==================================================
   148    450    129    486    118
   140    403    434    444     93
   140    404    434    436     95
   153    428    129    467    118
   132    392    425    440     93
   137    491    133    438    124
   140    400    425    448     95
   233    252    327    123    398
   148    463    129    486    118
   148    450    129    486    118
   150    454    130    410    113
   143    450    130    418    116
   140    400    425    423     95
   133    491    133    438    122
   140    404    434    432     91
   137    491    133    421    122
   144    384    446    440     90
   140    404    434    457     96
   233    254    327    123    398
   137    468    134    434    128
   136    384    446    440     90
   192    420    442    284    152
   140    400    425    453     95
   233    250    327    123    398
   137    468    129    434    124
   235    245    341    119    398
   183    420    404    276    148
   192    432    425    284    148
   150    454    130    402    113
   132    392    425    440     93
   137    491    133    438    122
   150    450    135    486    123
Current Champion (6):
   140    404    434    436     95
Longest Game: 262
==================================================
21 14 13 10 26 12 5 29 18 25 31 24 2 19 30 27 4 15 28 11 9 7 17 20 3 16 1 6 0 8 23 22 ==================================================
Generation 7 Results
==================================================
   140    400    425    453     95
   150    450    135    486    123
   137    491    133    421    122
   144    384    446    440     90
   140    404    434    436     95
   132    392    425    440     93
   148    463    129    486    118
   150    454    130    410    113
   150    454    130    402    113
   140    404    434    457     96
   136    384    446    440     90
   132    392    425    440     93
   148    450    129    486    118
   140    403    434    444     93
   133    491    133    438    122
   183    420    404    276    148
   140    400    425    448     95
   137    468    134    434    128
   192    432    425    284    148
   140    404    434    432     91
   235    245    341    119    398
   148    450    129    486    118
   137    491    133    438    124
   143    450    130    418    116
   140    400    425    423     95
   137    491    133    438    122
   233    252    327    123    398
   233    254    327    123    398
   192    420    442    284    152
   233    250    327    123    398
   137    468    129    434    124
   153    428    129    467    118
==================================================
2020-07-30 09:16:14.786
The Next Generation:
==================================================
   137    515    133    421    122
   148    468    134    467    118
   151    446    134    462    125
   140    400    425    475     95
   150    454    130    410    113
   132    392    413    440     93
   144    454    130    402    113
   142    468    134    434    128
   139    468    134    434    128
   140    391    434    444     90
   133    400    425    453     95
   233    252    327    123    398
   147    416    421    436     95
   140    404    434    457     95
   132    491    133    421    122
   153    450    141    486    123
   140    400    446    423     95
   148    463    129    510    119
   137    491    133    421    126
   132    392    425    440     90
   139    491    133    438    122
   233    252    327    123    383
   185    428    425    289    148
   140    404    434    432     91
   148    463    129    486    118
   133    491    133    438    122
   140    400    408    462     95
   140    404    434    457     96
   137    491    133    438    124
   144    391    446    440     93
   148    463    129    486    113
   132    392    425    436     93
Current Champion (7):
   140    400    425    453     95
Longest Game: 262
==================================================
21 29 10 26 18 23 14 5 9 13 22 8 11 4 28 31 30 7 17 19 20 15 16 12 27 25 2 24 6 3 1 0 ==================================================
Generation 8 Results
==================================================
   140    404    434    457     96
   132    392    425    440     90
   140    404    434    457     95
   132    491    133    421    122
   139    491    133    438    122
   233    252    327    123    383
   142    468    134    434    128
   153    450    141    486    123
   133    491    133    438    122
   151    446    134    462    125
   147    416    421    436     95
   185    428    425    289    148
   148    463    129    486    113
   144    454    130    402    113
   140    404    434    432     91
   137    491    133    438    124
   133    400    425    453     95
   140    400    446    423     95
   140    400    408    462     95
   137    515    133    421    122
   148    468    134    467    118
   139    468    134    434    128
   137    491    133    421    126
   132    392    425    436     93
   140    400    425    475     95
   140    391    434    444     90
   148    463    129    486    118
   233    252    327    123    398
   148    463    129    510    119
   150    454    130    410    113
   132    392    413    440     93
   144    391    446    440     93
==================================================
2020-07-30 09:17:00.100
The Next Generation:
==================================================
   142    477    134    413    128
   137    495    138    433    126
   140    408    425    475     95
   132    392    425    423     90
   151    446    136    462    125
   146    450    146    486    123
   233    247    327    123    383
   233    252    318    123    380
   227    252    327    124    383
   155    463    129    510    119
   144    463    130    402    113
   144    454    130    402    113
   233    252    327    123    398
   140    391    434    444     90
   147    463    129    462    113
   150    467    130    390    113
   148    463    129    486    113
   140    400    425    475     95
   137    510    133    421    122
   146    450    134    434    128
   150    454    130    390    116
   148    472    129    486    111
   135    515    133    421    122
   185    428    425    289    148
   233    252    327    123    398
   151    446    134    462    125
   140    450    134    434    128
   233    252    327    123    383
   153    450    141    486    123
   137    491    133    421    124
   139    468    134    434    128
   133    380    429    462     95
Current Champion (8):
   140    404    434    457     96
Longest Game: 262
==================================================
21 10 29 26 31 18 28 30 17 25 24 27 16 5 14 19 11 13 15 4 12 9 8 20 7 2 1 0 3 6 23 22 ==================================================
Generation 9 Results
==================================================
   140    408    425    475     95
   151    446    136    462    125
   155    463    129    510    119
   140    400    425    475     95
   148    472    129    486    111
   140    450    134    434    128
   142    477    134    413    128
   132    392    425    423     90
   227    252    327    124    383
   148    463    129    486    113
   150    454    130    390    116
   135    515    133    421    122
   144    463    130    402    113
   233    252    327    123    398
   233    252    327    123    398
   133    380    429    462     95
   150    467    130    390    113
   233    247    327    123    383
   144    454    130    402    113
   140    391    434    444     90
   146    450    134    434    128
   185    428    425    289    148
   151    446    134    462    125
   146    450    146    486    123
   137    510    133    421    122
   233    252    318    123    380
   147    463    129    462    113
   233    252    327    123    383
   153    450    141    486    123
   137    491    133    421    124
   139    468    134    434    128
   137    495    138    433    126
==================================================
2020-07-30 09:17:33.659
The Next Generation:
==================================================
   233    252    330    123    398
   233    252    343    123    387
   227    252    327    123    376
   132    392    446    423     90
   132    389    425    423     90
   135    515    133    405    116
   233    251    333    123    383
   140    450    132    434    128
   151    393    136    475    123
   144    463    130    402    110
   132    392    425    423     90
   142    454    134    413    125
   185    428    425    284    148
   133    380    433    462     95
   227    252    327    124    383
   151    446    136    480    125
   233    252    327    127    398
   148    472    129    486    114
   147    446    136    462    125
   227    252    336    124    383
   137    515    133    421    122
   233    247    327    123    383
   140    408    425    466     99
   153    450    141    500    123
   233    252    327    127    409
   145    391    434    444     92
   151    446    136    462    125
   132    392    421    407     90
   140    408    425    475     95
   151    446    134    462    125
   140    450    134    434    128
   150    454    130    390    120
Current Champion (9):
   140    408    425    475     95
Longest Game: 267
==================================================
21 10 9 11 5 14 2 8 7 1 13 6 0 3 15 29 4 18 17 23 19 12 16 22 28 20 26 31 25 27 24 30 ==================================================
Generation 10 Results
==================================================
   132    392    446    423     90
   140    408    425    475     95
   150    454    130    390    120
   132    389    425    423     90
   135    515    133    405    116
   140    450    132    434    128
   233    252    327    127    398
   153    450    141    500    123
   132    392    421    407     90
   233    247    327    123    383
   140    408    425    466     99
   185    428    425    284    148
   133    380    433    462     95
   151    446    134    462    125
   227    252    327    123    376
   151    446    136    462    125
   233    252    343    123    387
   151    393    136    475    123
   142    454    134    413    125
   147    446    136    462    125
   233    252    330    123    398
   233    251    333    123    383
   227    252    327    124    383
   227    252    336    124    383
   145    391    434    444     92
   140    450    134    434    128
   151    446    136    480    125
   148    472    129    486    114
   137    515    133    421    122
   144    463    130    402    110
   132    392    425    423     90
   233    252    327    127    409
==================================================
2020-07-30 09:18:17.617
The Next Generation:
==================================================
   185    428    429    245    153
   146    450    141    500    123
   227    254    336    124    383
   140    454    130    434    128
   140    454    134    401    125
   140    408    442    466     99
   132    389    425    423     94
   140    408    425    475     95
   132    392    421    407     90
   132    392    446    423     90
   140    463    130    402    110
   132    377    446    423     90
   132    392    486    423     86
   227    252    327    123    376
   140    408    408    475     95
   151    438    136    480    125
   233    242    314    123    398
   133    383    433    471     92
   132    385    433    399     90
   132    382    425    415     90
   142    499    134    413    127
   229    238    327    123    383
   132    392    459    423     90
   140    408    433    466     99
   233    247    340    123    386
   140    450    134    434    128
   132    389    425    423     90
   135    515    133    405    111
   140    408    425    475     95
   135    515    133    405    116
   140    450    132    434    128
   132    392    446    423     90
Current Champion (10):
   132    392    446    423     90
Longest Game: 269
==================================================
21 10 5 7 29 2 9 26 18 14 6 4 20 11 1 19 8 27 3 28 23 15 13 17 16 0 12 31 22 25 30 24 ==================================================
Generation 11 Results
==================================================
   132    392    421    407     90
   132    382    425    415     90
   132    377    446    423     90
   233    242    314    123    398
   132    389    425    423     90
   140    408    408    475     95
   135    515    133    405    111
   140    408    442    466     99
   132    385    433    399     90
   142    499    134    413    127
   132    392    446    423     90
   140    463    130    402    110
   140    408    433    466     99
   146    450    141    500    123
   140    408    425    475     95
   133    383    433    471     92
   132    392    459    423     90
   140    408    425    475     95
   140    450    132    434    128
   140    454    130    434    128
   151    438    136    480    125
   233    247    340    123    386
   140    450    134    434    128
   140    454    134    401    125
   132    389    425    423     94
   185    428    429    245    153
   135    515    133    405    116
   227    254    336    124    383
   229    238    327    123    383
   132    392    446    423     90
   227    252    327    123    376
   132    392    486    423     86
==================================================
2020-07-30 09:18:59.982
The Next Generation:
==================================================
   132    367    425    415     90
   140    450    137    434    128
   140    408    408    475     95
   233    240    340    123    386
   147    408    433    453     95
   140    463    134    451    128
   132    382    425    415     87
   135    428    433    453     99
   132    392    421    407     90
   233    247    340    123    386
   140    450    132    426    130
   132    382    425    423     94
   132    399    400    407     90
   132    393    425    435     90
   140    476    130    434    128
   132    382    425    415     90
   132    382    404    415     94
   132    382    425    415     90
   133    383    441    471     92
   233    238    308    127    398
   233    242    329    121    398
   140    408    408    475     95
   133    420    412    479     99
   143    495    134    413    135
   132    411    433    407     90
   132    377    446    423     90
   140    408    442    470     99
   142    490    134    433    127
   148    438    136    480    125
   147    463    130    402    110
   140    515    133    417    111
   229    238    327    119    383
Current Champion (11):
   132    392    421    407     90
Longest Game: 269
==================================================
21 10 2 14 18 5 29 7 13 4 9 11 8 15 19 17 6 20 3 16 12 1 23 26 31 22 25 27 30 24 28 0 ==================================================
Generation 12 Results
==================================================
   132    367    425    415     90
   140    450    132    426    130
   132    382    425    423     94
   140    408    408    475     95
   132    392    421    407     90
   132    382    425    415     87
   132    377    446    423     90
   140    408    408    475     95
   133    420    412    479     99
   132    393    425    435     90
   148    438    136    480    125
   140    450    137    434    128
   132    382    425    415     90
   147    463    130    402    110
   233    242    329    121    398
   132    411    433    407     90
   142    490    134    433    127
   132    382    404    415     94
   147    408    433    453     95
   135    428    433    453     99
   143    495    134    413    135
   132    399    400    407     90
   133    383    441    471     92
   140    408    442    470     99
   132    382    425    415     90
   140    515    133    417    111
   140    463    134    451    128
   233    238    308    127    398
   233    240    340    123    386
   233    247    340    123    386
   229    238    327    119    383
   140    476    130    434    128
==================================================
2020-07-30 09:19:51.071
The Next Generation:
==================================================
   140    450    135    414    130
   140    450    137    426    128
   147    463    136    402    110
   147    408    408    475     97
   142    490    138    433    127
   132    382    425    415     90
   143    442    136    480    125
   233    242    342    121    398
   132    401    446    439     94
   142    450    135    405    130
   140    420    408    475     92
   132    377    446    439     90
   140    450    129    426    130
   132    411    502    407     90
   140    450    132    426    130
   132    382    425    423     98
   138    420    412    493     99
   132    382    425    415     87
   140    412    408    475     95
   132    367    425    415     90
   148    438    136    499    125
   233    240    340    123    386
   145    468    132    426    132
   142    490    134    433    127
   135    382    429    415     86
   133    420    412    479     99
   140    450    137    421    128
   132    382    425    402     94
   137    382    425    423     90
   233    242    329    125    398
   143    504    133    413    140
   148    438    136    480    125
Current Champion (12):
   132    367    425    415     90
Longest Game: 300
==================================================
21 10 11 29 26 18 5 25 27 14 23 31 9 4 24 13 28 30 19 15 2 20 17 16 1 8 22 7 12 0 6 3 ==================================================
Generation 13 Results
==================================================
   132    401    446    439     94
   142    490    134    433    127
   132    377    446    439     90
   140    450    135    414    130
   135    382    429    415     86
   140    450    137    421    128
   233    242    342    121    398
   140    450    132    426    130
   138    420    412    493     99
   145    468    132    426    132
   133    420    412    479     99
   147    463    136    402    110
   143    442    136    480    125
   132    367    425    415     90
   132    382    425    423     98
   140    412    408    475     95
   142    450    135    405    130
   233    240    340    123    386
   137    382    425    423     90
   147    408    408    475     97
   142    490    138    433    127
   132    411    502    407     90
   148    438    136    480    125
   140    450    137    426    128
   132    382    425    402     94
   143    504    133    413    140
   132    382    425    415     90
   148    438    136    499    125
   140    420    408    475     92
   140    450    129    426    130
   132    382    425    415     87
   233    242    329    125    398
==================================================
2020-07-30 09:20:33.460
The Next Generation:
==================================================
   148    438    136    484    126
   135    382    429    427     86
   132    382    425    415     90
   131    377    433    439     90
   130    382    425    402     93
   148    438    136    480    125
   142    490    138    437    127
   142    490    134    433    127
   132    382    425    423     96
   133    420    424    479     99
   142    450    132    405    136
   143    442    136    480    125
   136    450    137    417    128
   147    463    136    402    110
   147    463    136    402    112
   140    450    132    426    130
   141    425    136    480    125
   142    468    132    426    130
   132    411    502    427     90
   132    377    446    439     90
   140    428    408    475     95
   138    504    133    413    138
   140    428    135    402    130
   135    397    429    415     86
   138    490    134    433    127
   148    438    137    466    123
   233    230    342    121    398
   132    367    425    435     90
   132    401    446    439     94
   133    478    412    479     99
   136    450    137    426    128
   134    401    446    443     94
Current Champion (13):
   132    401    446    439     94
Longest Game: 300
==================================================
21 10 5 3 0 1 2 14 9 11 8 4 7 6 13 29 26 18 12 25 27 31 20 28 19 30 24 15 17 16 23 22 ==================================================
Generation 14 Results
==================================================
   135    382    429    427     86
   147    463    136    402    112
   138    504    133    413    138
   134    401    446    443     94
   142    450    132    405    136
   132    367    425    435     90
   142    468    132    426    130
   140    428    408    475     95
   132    382    425    423     96
   133    420    424    479     99
   138    490    134    433    127
   142    490    134    433    127
   141    425    136    480    125
   132    382    425    415     90
   131    377    433    439     90
   130    382    425    402     93
   136    450    137    417    128
   135    397    429    415     86
   148    438    136    480    125
   143    442    136    480    125
   132    377    446    439     90
   133    478    412    479     99
   136    450    137    426    128
   140    428    135    402    130
   148    438    137    466    123
   142    490    138    437    127
   140    450    132    426    130
   132    411    502    427     90
   233    230    342    121    398
   148    438    136    484    126
   132    401    446    439     94
   147    463    136    402    110
==================================================
2020-07-30 09:21:21.689
The Next Generation:
==================================================
   132    377    446    439     90
   135    390    429    423     87
   142    490    138    437    126
   142    450    132    405    136
   133    478    412    479    100
   132    382    425    415     91
   136    450    137    426    128
   138    504    133    421    138
   135    382    497    427     86
   138    401    433    443     93
   142    450    126    405    136
