Piece Value GA Results21 29 2 14 10 31 26 5 27 9 25 24 8 3 20 13 4 15 1 11 28 23 7 6 30 12 18 0 19 17 16 22 ==================================================
Generation 0 Results
==================================================
   480    274    474    165    495
   111    109    466    289    364
   141    428    329    428    483
   131    311     99    291    540
   150    450    130    418    117
   158    302    344    344    112
   383    401    307    207    378
   233    245    344    112    398
   414    315    276    200    413
   526    208    442    316    524
   283    530    495    267    373
   443    118    430    406    176
    73    173    374    135    420
   428    308    156    353    352
   319    440    345    423    137
   237    400     64    325    505
   423    194     78     63    225
   441    242     97    244    320
   293    468    323     58     60
   411    319    532    487    485
   414    133    342    104    333
   298    271     52    208    373
   535    261    403    166    403
   378    106     87    190    456
   140    404    442    440     93
   135    511    471    406     88
   522    345     91    418    503
   313    192    380    156    532
   156    162    445    277     81
   116    231    357     91    486
   192    437    447    312    149
   541     69    152    368    370
==================================================
2020-07-29 21:45:26.544
The Next Generation:
==================================================
   313    192    380    155    532
   158    302    344    344    112
   141    428    338    428    483
   383    417    307    207    378
   237    392     64    325    505
   297    530    495    267    373
   131    311     97    291    540
   383    401    313    207    378
   441    242     97    244    320
   476    274    483    165    495
   411    310    532    473    481
   139    404    442    462     93
    72    173    388    135    399
   293    468    323     58     60
   140    404    442    440     93
   411    316    532    487    509
   526    208    464    301    524
   237    396     65    325    505
   141    428    329    428    483
   441    242     97    244    317
   414    315    276    200    413
   140    404    442    440     89
   111    109    466    289    364
   283    530    495    267    373
   414    315    276    200    413
   526    208    442    316    524
   111    109    466    289    364
   480    274    474    165    514
    72    173    374    135    420
   407    308    156    346    352
   443    118    438    414    176
   443    118    430    406    176
Current Champion (0):
   480    274    474    165    495
Longest Game: 264
==================================================
21 29 30 31 26 28 18 27 10 25 23 17 24 11 22 19 5 4 20 16 2 9 7 14 1 13 12 15 0 8 3 6 ==================================================
Generation 1 Results
==================================================
   111    109    466    289    364
   237    392     64    325    505
    72    173    388    135    399
   441    242     97    244    320
   237    396     65    325    505
   293    468    323     58     60
   526    208    442    316    524
   411    310    532    473    481
   140    404    442    440     93
   139    404    442    462     93
   140    404    442    440     89
    72    173    374    135    420
   407    308    156    346    352
   476    274    483    165    495
   411    316    532    487    509
   111    109    466    289    364
   414    315    276    200    413
   443    118    438    414    176
   443    118    430    406    176
   141    428    338    428    483
   526    208    464    301    524
   141    428    329    428    483
   313    192    380    155    532
   131    311     97    291    540
   383    401    313    207    378
   480    274    474    165    514
   158    302    344    344    112
   414    315    276    200    413
   383    417    307    207    378
   441    242     97    244    317
   297    530    495    267    373
   283    530    495    267    373
==================================================
2020-07-29 21:46:08.720
The Next Generation:
==================================================
   111    109    453    289    364
   111    112    466    289    364
   115    111    462    289    364
   133    404    442    462     89
   141    428    338    428    492
   313    192    399    155    532
   414    315    281    200    413
   386    401    313    209    381
   237    392     64    325    505
    72    178    373    135    399
    72    173    388    136    399
   139    404    442    440     93
   410    315    276    192    413
    72    173    371    131    420
   383    401    313    203    381
   148    428    322    428    483
   158    293    344    338    108
   139    404    442    462     93
   439    118    430    406    176
   383    381    313    207    378
   237    396     65    334    525
    72    181    388    135    399
   140    404    459    432     92
   451    118    446    410    176
   441    242     97    244    320
   140    404    442    440     93
   141    428    329    407    483
   237    392     64    325    480
   313    192    380    155    532
   411    310    532    473    481
   443    118    438    414    175
   111    114    466    289    364
Current Champion (1):
   111    109    466    289    364
Longest Game: 264
==================================================
21 10 29 7 18 2 5 14 20 13 6 1 12 28 3 17 0 19 23 16 4 31 15 11 9 22 26 30 25 24 8 27 ==================================================
Generation 2 Results
==================================================
   237    392     64    325    480
   111    114    466    289    364
   111    109    453    289    364
   443    118    438    414    175
    72    173    371    131    420
   158    293    344    338    108
   139    404    442    462     93
   313    192    380    155    532
   139    404    442    440     93
   439    118    430    406    176
   141    428    329    407    483
   313    192    399    155    532
   414    315    281    200    413
    72    178    373    135    399
   441    242     97    244    320
   111    112    466    289    364
   451    118    446    410    176
   141    428    338    428    492
   386    401    313    209    381
   237    392     64    325    505
   237    396     65    334    525
   140    404    442    440     93
    72    173    388    136    399
   148    428    322    428    483
   140    404    459    432     92
   410    315    276    192    413
   115    111    462    289    364
   383    381    313    207    378
    72    181    388    135    399
   411    310    532    473    481
   383    401    313    203    381
   133    404    442    462     89
==================================================
2020-07-29 21:46:51.823
The Next Generation:
==================================================
   441    242     96    246    320
   237    392     64    325    489
    71    172    385    125    420
   239    392     64    325    505
   139    420    329    407    483
   158    293    361    338    108
   428    235     97    232    326
   116    114    489    278    364
   237    392     64    325    480
   108    114    457    294    382
   141    384    442    462     93
   139    404    442    432     94
   141    428    316    407    483
   158    279    344    341    108
   313    192    399    155    532
   451    118    446    410    176
    72    173    360    137    420
    72    178    373    135    410
   233    392     62    325    480
   107    114    466    289    364
   155    428    316    428    464
    74    170    355    135    399
   140    404    459    432     92
   421    118    438    414    175
   141    420    329    423    469
   298    192    399    155    532
   158    293    344    338    108
   441    242     97    244    320
   443    114    438    414    176
   441    242    100    244    320
   237    392     64    325    480
   139    404    442    462     93
Current Champion (2):
   237    392     64    325    480
Longest Game: 264
==================================================
21 23 10 26 29 5 17 19 18 25 27 31 28 24 30 16 4 2 1 0 7 14 22 9 20 6 3 13 8 12 11 15 ==================================================
Generation 3 Results
==================================================
   237    392     64    325    480
   155    428    316    428    464
   158    293    344    338    108
   139    420    329    407    483
   116    114    489    278    364
   108    114    457    294    382
   158    279    344    341    108
   141    420    329    423    469
   141    384    442    462     93
    72    178    373    135    410
   107    114    466    289    364
    74    170    355    135    399
   441    242     97    244    320
   237    392     64    325    480
    72    173    360    137    420
   443    114    438    414    176
   441    242    100    244    320
   441    242     96    246    320
   237    392     64    325    489
   239    392     64    325    505
   141    428    316    407    483
   233    392     62    325    480
   139    404    442    462     93
    71    172    385    125    420
   139    404    442    432     94
   158    293    361    338    108
   451    118    446    410    176
   140    404    459    432     92
   421    118    438    414    175
   428    235     97    232    326
   313    192    399    155    532
   298    192    399    155    532
==================================================
2020-07-29 21:47:29.438
The Next Generation:
==================================================
   141    384    442    462     93
   158    279    344    341    108
    72    178    373    141    390
   155    436    316    428    464
    72    178    380    135    410
   237    392     64    325    489
   141    428    316    407    483
   237    392     67    325    480
   114    114    489    278    364
   155    428    316    428    487
    72    178    373    134    410
   155    293    344    338    108
   158    268    344    341    107
   441    235     95    244    320
   451    118    446    410    169
   239    392     63    325    505
   141    377    442    462     93
   237    385     66    325    480
   140    388    459    411     92
   237    403     64    312    480
   441    240     97    244    320
   116    114    489    278    357
   115    114    489    278    361
   441    242     97    244    317
   108    114    457    294    382
   237    411     64    325    456
   237    392     64    325    480
   108    114    439    294    382
   115    111    489    278    382
   158    295    344    344    112
   155    428    316    428    464
   233    392     62    325    480
Current Champion (3):
   237    392     64    325    480
Longest Game: 264
==================================================
21 10 26 29 18 31 19 17 25 27 5 14 16 28 30 15 13 9 24 12 20 11 4 2 8 1 0 3 23 7 6 22 ==================================================
Generation 4 Results
==================================================
   158    268    344    341    107
   237    392     64    325    489
   141    384    442    462     93
   155    428    316    428    487
   158    279    344    341    108
   239    392     63    325    505
   155    436    316    428    464
   237    403     64    312    480
   108    114    457    294    382
   108    114    439    294    382
   155    428    316    428    464
   237    385     66    325    480
   141    428    316    407    483
   237    392     64    325    480
   115    111    489    278    382
   233    392     62    325    480
   237    392     67    325    480
   141    377    442    462     93
   441    240     97    244    320
    72    178    373    134    410
   115    114    489    278    361
   114    114    489    278    364
   155    293    344    338    108
   441    235     95    244    320
   451    118    446    410    169
   441    242     97    244    317
   237    411     64    325    456
    72    178    380    135    410
   140    388    459    411     92
    72    178    373    141    390
   158    295    344    344    112
   116    114    489    278    357
==================================================
2020-07-29 21:48:13.881
The Next Generation:
==================================================
   115    110    489    273    361
   158    268    344    341    110
    72    178    373    130    410
   158    268    344    341    108
   143    428    316    411    483
   158    293    361    354    108
   239    392     75    325    505
   230    392     63    325    530
   158    268    347    341    108
   164    268    344    341    107
   162    268    354    341    112
   441    240     97    244    320
   155    428    316    428    464
   112    111    489    286    382
   441    240     97    244    320
   237    403     64    312    480
    72    177    373    134    410
    75    178    387    139    409
   155    423    319    440    464
   237    403     64    312    480
   237    403     64    318    480
   237    392     64    325    489
   115    111    508    283    385
   237    392     64    325    480
   154    449    316    428    487
   230    407     64    325    485
   115    111    489    278    382
   239    392     63    325    505
   237    385     67    325    480
   118    117    439    294    382
   141    377    434    462     94
   155    428    316    428    487
Current Champion (4):
   158    268    344    341    107
Longest Game: 264
==================================================
21 10 5 11 14 9 13 2 7 15 1 8 3 0 4 12 6 29 20 23 31 26 28 25 27 18 24 30 22 17 16 19 ==================================================
Generation 5 Results
==================================================
   155    428    316    428    464
   158    293    361    354    108
   115    111    508    283    385
   158    268    347    341    108
   118    117    439    294    382
   237    392     64    325    489
   237    403     64    312    480
   115    111    489    278    382
   164    268    344    341    107
   237    392     64    325    480
   158    268    344    341    110
    72    178    373    130    410
   239    392     75    325    505
   162    268    354    341    112
   154    449    316    428    487
   239    392     63    325    505
   155    428    316    428    487
   115    110    489    273    361
   230    392     63    325    530
   112    111    489    286    382
    75    178    387    139    409
   155    423    319    440    464
   237    403     64    312    480
   237    385     67    325    480
   230    407     64    325    485
   158    268    344    341    108
   143    428    316    411    483
    72    177    373    134    410
   441    240     97    244    320
   441    240     97    244    320
   237    403     64    318    480
   141    377    434    462     94
==================================================
2020-07-29 21:48:49.947
The Next Generation:
==================================================
   164    260    344    341    107
   152    428    304    428    464
   248    392     64    325    489
   139    428    316    415    483
   158    268    344    335    110
   143    428    316    411    483
   158    268    347    341    108
   239    392     75    325    500
   234    392     63    325    530
   219    407     64    325    485
   162    268    354    341    112
    75    181    387    144    409
   118    117    439    299    382
   237    419     64    312    480
    72    181    373    130    426
   237    407     65    325    480
   117    111    508    283    385
   164    268    350    341    102
   118    117    439    294    382
   237    395     64    312    489
   250    392     73    325    495
   115    111    508    275    385
   230    392     64    334    530
   239    383     64    312    480
   237    385     69    328    466
   165    281    354    341    112
   119    117    439    294    382
   154    449    316    428    487
    75    178    387    139    409
   115    111    498    278    382
   158    260    347    338    108
    75    178    387    139    409
Current Champion (5):
   155    428    316    428    464
Longest Game: 264
==================================================
21 10 26 29 5 18 23 22 2 25 20 7 4 6 24 19 31 3 28 30 14 11 27 9 13 17 8 12 16 15 1 0 ==================================================
Generation 6 Results
==================================================
   139    428    316    415    483
   219    407     64    325    485
   118    117    439    299    382
   165    281    354    341    112
   143    428    316    411    483
   164    268    350    341    102
   152    428    304    428    464
   118    117    439    294    382
   239    383     64    312    480
    75    178    387    139    409
   158    268    347    341    108
   237    407     65    325    480
   117    111    508    283    385
   115    111    508    275    385
   154    449    316    428    487
   158    260    347    338    108
   164    260    344    341    107
   162    268    354    341    112
   119    117    439    294    382
    75    178    387    139    409
   248    392     64    325    489
   158    268    344    335    110
   237    419     64    312    480
    72    181    373    130    426
   250    392     73    325    495
   234    392     63    325    530
   237    395     64    312    489
    75    181    387    144    409
   230    392     64    334    530
   237    385     69    328    466
   115    111    498    278    382
   239    392     75    325    500
==================================================
2020-07-29 21:49:30.746
The Next Generation:
==================================================
   117    115    508    283    385
   237    395     64    312    503
   217    403     67    331    494
   119    117    460    294    382
    75    175    368    139    413
   250    392     73    328    495
   164    260    347    338    111
   118    112    439    294    401
   164    278    350    341    102
   158    268    347    341    108
   248    411     64    328    489
   118    117    439    299    382
   215    407     64    325    509
   165    273    354    354    112
    75    175    387    139    409
   217    423     64    325    485
   165    281    354    358    117
   243    390     64    312    513
   114    111    508    275    385
    75    178    387    144    409
   165    281    354    347    116
   158    268    344    335    110
   158    268    357    341    112
   219    407     64    325    466
   147    449    316    428    487
   161    268    344    335    110
   158    268    347    341    108
   139    428    316    415    459
   118    117    422    294    382
    78    178    387    139    401
   158    268    347    341    108
    75    181    406    144    409
Current Champion (6):
   139    428    316    415    483
Longest Game: 264
==================================================
21 29 10 26 5 18 31 14 28 12 9 13 15 30 11 27 25 8 20 4 17 24 2 19 1 3 16 0 7 23 22 6 ==================================================
Generation 7 Results
==================================================
   165    281    354    358    117
   161    268    344    335    110
   164    260    347    338    111
   139    428    316    415    459
   165    273    354    354    112
   114    111    508    275    385
   118    117    422    294    382
   219    407     64    325    466
   117    115    508    283    385
   217    403     67    331    494
   119    117    460    294    382
    75    175    387    139    409
    75    181    406    144    409
   164    278    350    341    102
   243    390     64    312    513
    75    178    387    144    409
   165    281    354    347    116
   250    392     73    328    495
   158    268    344    335    110
    75    175    368    139    413
   118    112    439    294    401
   248    411     64    328    489
   158    268    347    341    108
   237    395     64    312    503
   158    268    347    341    108
   118    117    439    299    382
   217    423     64    325    485
   158    268    357    341    112
   147    449    316    428    487
   215    407     64    325    509
    78    178    387    139    401
   158    268    347    341    108
==================================================
2020-07-29 21:50:17.538
The Next Generation:
==================================================
    75    175    387    139    409
   151    268    347    341    108
   215    403     65    331    494
   165    281    354    347    116
   119    117    460    294    393
   161    268    344    335    110
   219    407     64    325    466
   165    281    354    344    117
   158    268    344    335    110
   165    281    354    358    112
   117    115    508    283    385
    75    181    406    144    405
   165    275    354    354    112
   158    281    350    354    112
   168    281    354    358    117
   219    407     66    325    443
   118    112    439    294    401
    75    176    406    144    405
   151    268    347    341    108
   166    281    354    348    117
   225    407     64    341    466
   248    411     63    328    498
    75    175    387    139    425
   118    112    452    302    401
   117    115    483    283    366
   139    428    316    415    459
   165    283    354    358    117
   165    281    357    358    117
   139    424    316    415    459
   165    273    337    354    112
   158    268    344    335    110
   161    266    347    341    108
Current Champion (7):
   165    281    354    358    117
Longest Game: 290
==================================================
21 5 31 10 26 29 25 18 14 2 17 13 12 11 24 16 19 15 7 28 9 6 30 27 1 4 8 0 3 23 22 20 ==================================================
Generation 8 Results
==================================================
    75    175    387    139    409
   165    281    354    347    116
   161    268    344    335    110
   248    411     63    328    498
   165    283    354    358    117
   225    407     64    341    466
   165    275    354    354    112
   139    428    316    415    459
   165    281    357    358    117
   168    281    354    358    117
   151    268    347    341    108
   215    403     65    331    494
   158    268    344    335    110
    75    176    406    144    405
   117    115    483    283    366
   117    115    508    283    385
   158    281    350    354    112
   161    266    347    341    108
    75    181    406    144    405
   219    407     66    325    443
   118    112    452    302    401
   119    117    460    294    393
   118    112    439    294    401
   151    268    347    341    108
   158    268    344    335    110
    75    175    387    139    425
   165    273    337    354    112
   219    407     64    325    466
   165    281    354    344    117
   166    281    354    348    117
   139    424    316    415    459
   165    281    354    358    112
==================================================
2020-07-29 21:51:04.638
The Next Generation:
==================================================
   248    411     65    328    498
   151    268    347    341    108
   122    112    439    283    393
   166    283    337    358    117
   205    403     68    331    494
   158    276    350    354    112
    75    175    387    137    409
   165    283    354    358    117
    75    175    384    144    409
    75    181    406    144    405
    75    178    380    144    409
   165    281    354    347    115
   161    275    354    357    112
   118    109    422    294    401
    75    186    398    144    405
   248    411     63    328    498
   209    403     65    331    498
   165    275    354    354    117
    75    175    402    139    393
    75    175    387    139    409
   219    407     66    325    426
   158    268    344    341    110
   119    113    460    294    404
   213    419     65    331    494
   213    399     66    331    494
   161    268    344    345    110
   165    264    368    354    112
   165    281    354    347    116
   165    275    361    358    117
   151    268    344    324    108
   219    407     66    325    443
   225    415     64    341    470
Current Champion (8):
    75    175    387    139    409
Longest Game: 290
==================================================
21 10 5 29 14 18 26 2 9 17 16 8 11 19 4 27 20 3 7 23 13 6 1 12 25 31 15 28 0 24 30 22 ==================================================
Generation 9 Results
==================================================
   248    411     65    328    498
   118    109    422    294    401
   248    411     63    328    498
   158    268    344    341    110
   151    268    344    324    108
   166    283    337    358    117
   158    276    350    354    112
   165    283    354    358    117
    75    175    384    144    409
   225    415     64    341    470
   151    268    347    341    108
   119    113    460    294    404
   161    268    344    345    110
   122    112    439    283    393
   213    419     65    331    494
    75    175    387    137    409
    75    178    380    144    409
    75    175    402    139    393
    75    181    406    144    405
   165    281    354    347    115
    75    186    398    144    405
   165    275    354    354    117
   219    407     66    325    426
   165    275    361    358    117
   205    403     68    331    494
   161    275    354    357    112
   209    403     65    331    498
   165    281    354    347    116
   219    407     66    325    443
   165    264    368    354    112
    75    175    387    139    409
   213    399     66    331    494
==================================================
2020-07-29 21:51:51.952
The Next Generation:
==================================================
   157    280    361    358    117
   166    283    337    305    117
   169    281    354    334    111
   213    439     65    331    494
   150    268    344    324    104
   154    268    344    354    110
   160    275    371    364    116
    75    170    387    137    409
   248    399     66    328    498
   248    411     62    328    498
   205    403     69    331    494
   158    268    344    351    110
    75    175    387    139    409
   165    275    361    358    117
   199    403     62    331    479
    76    175    384    144    409
    75    174    402    139    393
   119    113    460    294    416
   248    411     65    315    498
   161    276    367    354    108
   165    283    337    358    118
   151    268    344    312    108
    75    175    384    144    409
   166    262    361    358    115
    75    175    384    144    409
   154    276    344    324    108
   165    283    354    358    117
   165    283    354    358    117
   151    268    344    324    108
   166    283    337    372    122
   165    280    417    354    115
   151    268    347    341    108
Current Champion (9):
   248    411     65    328    498
Longest Game: 290
==================================================
21 10 29 5 1 2 0 3 14 26 27 25 24 20 9 31 4 7 28 30 23 11 6 18 17 15 8 13 19 16 12 22 ==================================================
Generation 10 Results
==================================================
   165    283    337    358    118
   166    262    361    358    115
   166    283    337    372    122
    75    175    384    144    409
   166    283    337    305    117
   205    403     69    331    494
   213    439     65    331    494
   150    268    344    324    104
   154    268    344    354    110
   248    411     62    328    498
   158    268    344    351    110
   248    411     65    315    498
   160    275    371    364    116
   248    399     66    328    498
   165    283    354    358    117
   165    275    361    358    117
   161    276    367    354    108
   151    268    344    312    108
    75    175    384    144    409
   154    276    344    324    108
   151    268    344    324    108
   169    281    354    334    111
    75    170    387    137    409
    75    175    387    139    409
   199    403     62    331    479
    76    175    384    144    409
   165    280    417    354    115
   151    268    347    341    108
    75    174    402    139    393
   165    283    354    358    117
   157    280    361    358    117
   119    113    460    294    416
==================================================
2020-07-29 21:52:32.714
The Next Generation:
==================================================
   157    280    361    358    117
   161    276    367    361    108
   248    411     62    328    498
   151    263    341    312    108
   161    263    367    354    108
   207    426     65    322    494
   166    283    337    305    117
   164    268    344    351    110
   213    439     65    331    494
   248    411     63    344    498
    75    167    387    139    409
   160    280    368    364    116
   166    283    337    372    126
   165    276    367    354    106
   250    431     64    328    479
   166    262    361    358    115
   166    262    361    351    115
    75    174    402    137    393
    75    178    384    144    425
   165    283    337    386    125
   160    275    371    364    116
   151    268    344    312    108
   154    268    344    354    114
   165    283    337    358    118
   166    297    353    372    122
    75    170    387    137    409
   150    268    344    324    104
   166    283    337    372    122
   155    263    344    371    105
   260    403     65    330    474
   168    283    347    358    117
   165    283    371    358    117
Current Champion (10):
   165    283    337    358    118
Longest Game: 290
==================================================
21 29 10 26 18 31 17 25 28 27 30 24 19 16 5 14 11 13 12 15 4 9 20 2 7 23 22 1 3 0 6 8 ==================================================
Generation 11 Results
==================================================
   166    283    337    305    117
   260    403     65    330    474
   166    283    337    372    126
   151    263    341    312    108
   160    280    368    364    116
   151    268    344    312    108
   168    283    347    358    117
   166    283    337    372    122
   165    276    367    354    106
   250    431     64    328    479
    75    170    387    137    409
   248    411     63    344    498
    75    167    387    139    409
   166    262    361    351    115
   165    283    371    358    117
   164    268    344    351    110
   166    262    361    358    115
   165    283    337    386    125
   207    426     65    322    494
   213    439     65    331    494
   160    275    371    364    116
   157    280    361    358    117
   161    276    367    361    108
    75    178    384    144    425
   248    411     62    328    498
   161    263    367    354    108
   154    268    344    354    114
   165    283    337    358    118
    75    174    402    137    393
   150    268    344    324    104
   166    297    353    372    122
   155    263    344    371    105
==================================================
2020-07-29 21:53:23.361
The Next Generation:
==================================================
   165    276    378    354    106
   166    283    337    369    126
   160    280    368    364    116
   166    262    361    355    117
   151    263    328    312    108
    75    167    387    141    409
   168    283    347    358    117
   248    391     63    344    494
    78    178    384    144    446
    75    178    377    144    425
   164    268    344    351    110
   150    268    327    324    104
   165    276    367    371    106
   260    403     65    327    465
   151    263    341    312    108
   165    283    337    341    118
    75    170    387    137    409
   162    283    337    311    117
   166    262    361    365    120
   166    291    337    305    117
   166    283    337    305    117
   144    263    341    312    108
   161    263    367    354    106
    75    171    406    137    417
   154    268    344    354    114
   248    431     63    361    498
   168    283    347    411    121
   160    282    368    364    116
   248    419     63    344    498
   160    275    371    364    111
   165    263    360    354    106
   166    275    371    364    116
Current Champion (11):
   166    283    337    305    117
Longest Game: 290
==================================================
21 29 10 5 18 17 14 23 9 11 8 4 19 13 20 16 22 2 1 3 0 7 28 6 15 26 27 25 12 24 31 30 ==================================================
Generation 12 Results
==================================================
   166    291    337    305    117
   248    391     63    344    494
   150    268    327    324    104
   151    263    341    312    108
   168    283    347    411    121
   164    268    344    351    110
    75    171    406    137    417
   248    419     63    344    498
   151    263    328    312    108
    75    178    377    144    425
   154    268    344    354    114
   248    431     63    361    498
   160    275    371    364    111
   260    403     65    327    465
   144    263    341    312    108
    78    178    384    144    446
   166    275    371    364    116
   166    283    337    369    126
   160    280    368    364    116
   165    283    337    341    118
    75    170    387    137    409
   160    282    368    364    116
   168    283    347    358    117
   162    283    337    311    117
   166    283    337    305    117
   161    263    367    354    106
    75    167    387    141    409
   166    262    361    365    120
   165    276    378    354    106
   165    276    367    371    106
   165    263    360    354    106
   166    262    361    355    117
==================================================
2020-07-29 21:54:13.150
The Next Generation:
==================================================
   248    431     63    361    498
   164    268    338    365    114
    75    167    387    137    409
   167    275    371    364    116
   166    283    337    305    121
   166    283    337    369    127
   172    275    374    364    116
   161    263    367    354    106
   166    283    337    317    117
    75    178    377    144    446
   166    275    371    364    111
   150    268    327    324    102
   151    256    328    321    108
   151    263    335    312    104
   151    263    328    312    108
   166    296    337    305    115
   270    403     65    327    465
   166    283    334    305    121
   248    452     63    361    498
   260    403     65    327    465
   164    268    344    351    106
   144    263    341    312    106
   160    275    371    364    111
   164    280    386    367    116
   154    268    344    340    110
    75    169    372    137    409
   160    275    368    364    113
   172    283    337    369    126
   166    291    337    305    117
   168    285    347    411    121
   248    431     63    361    484
   145    263    328    312    104
Current Champion (12):
   166    291    337    305    117
Longest Game: 290
==================================================
21 29 2 10 26 9 5 14 18 8 15 11 28 13 31 7 27 20 30 12 25 17 6 4 19 1 0 16 23 24 3 22 ==================================================
Generation 13 Results
==================================================
    75    178    377    144    446
   164    268    344    351    106
   166    283    337    369    127
   167    275    371    364    116
   166    283    337    317    117
   150    268    327    324    102
   172    283    337    369    126
   151    256    328    321    108
    75    167    387    137    409
   166    275    371    364    111
   166    296    337    305    115
   166    283    334    305    121
    75    169    372    137    409
   166    291    337    305    117
   145    263    328    312    104
   172    275    374    364    116
   248    431     63    361    498
   248    452     63    361    498
   151    263    335    312    104
   151    263    328    312    108
   164    280    386    367    116
   154    268    344    340    110
   164    268    338    365    114
   166    283    337    305    121
   270    403     65    327    465
   260    403     65    327    465
   160    275    371    364    111
   161    263    367    354    106
   144    263    341    312    106
   160    275    368    364    113
   168    285    347    411    121
   248    431     63    361    484
==================================================
2020-07-29 21:55:03.099
The Next Generation:
==================================================
   173    283    337    369    131
   167    275    371    364    116
    72    167    387    137    409
   160    291    337    302    117
   166    275    371    364    111
   164    268    344    351    106
   164    268    338    365    114
   164    270    344    365    105
   248    431     63    371    498
   172    285    337    369    121
   166    275    385    364    114
   164    280    386    367    116
   145    263    328    315    107
   166    283    337    355    127
   172    283    337    369    126
   164    268    344    354    111
   178    273    374    382    116
   164    283    337    369    126
   166    269    334    317    121
   154    263    328    312    108
   166    283    337    369    127
    75    178    377    144    446
    75    167    394    141    409
   170    276    334    351    105
   167    267    374    364    120
    72    178    377    144    446
   144    273    328    312    104
   154    268    331    340    110
   172    283    343    317    117
   160    275    368    364    113
   172    269    337    369    126
    75    170    377    144    446
Current Champion (13):
    75    178    377    144    446
Longest Game: 290
==================================================
21 20 29 10 18 23 26 25 31 22 5 2 24 1 11 27 28 19 4 3 17 30 0 7 6 14 9 8 16 13 15 12 ==================================================
Generation 14 Results
==================================================
   160    291    337    302    117
   164    283    337    369    126
   154    263    328    312    108
    75    167    394    141    409
   164    268    344    351    106
   172    283    343    317    117
   172    283    337    369    126
   178    273    374    382    116
   166    269    334    317    121
   172    285    337    369    121
   170    276    334    351    105
   160    275    368    364    113
   166    275    371    364    111
   164    268    338    365    114
   166    283    337    369    127
   173    283    337    369    131
   167    275    371    364    116
    72    167    387    137    409
   248    431     63    371    498
   144    273    328    312    104
    75    170    377    144    446
   166    275    385    364    114
   145    263    328    315    107
   166    283    337    355    127
   164    268    344    354    111
   164    280    386    367    116
    75    178    377    144    446
   167    267    374    364    120
   154    268    331    340    110
   164    270    344    365    105
    72    178    377    144    446
   172    269    337    369    126
==================================================
2020-07-29 21:55:53.962
The Next Generation:
==================================================
   172    297    343    317    117
    72    179    377    144    446
   170    276    334    351    105
   164    283    337    369    124
   179    283    337    369    128
   164    285    337    369    126
   154    256    328    312    108
   160    280    368    364    113
   172    285    343    369    121
   178    283    356    311    117
   172    285    350    369    121
